"Y"	"X1"	"X2"	"X3"	"X4"
"1"	0.459711836195564	0.654372886365687	0.813733471206735	0.577353203404829	0.708862907298564
"2"	0.459711836195564	0.459711836195564	0.922687027843868	0.560247667160786	0.428124861496972
"3"	0.459711836195564	0.459711836195564	0.419136822142455	0.512124074854981	0.452206366173859
"4"	0.654372886365687	0.654372886365687	0.707106781186547	0.466418166605379	0.519421801244177
"5"	0.654372886365687	0.459711836195564	0.707106781186547	0.749892365175935	0.428124861496972
"6"	0.654372886365687	0.459711836195564	0.753370803500884	0.379289396030298	0.392109397101834
"7"	0.654372886365687	0.654372886365687	0.716598572084479	0.560247667160786	0.562972403467885
"8"	0.654372886365687	0.654372886365687	0.201346816564207	0.512124074854981	0.5072941439023
"9"	0.654372886365687	0.654372886365687	0.581238193719096	0.336162201171355	0.35030844989962
"10"	0.654372886365687	0.459711836195564	0.519875244910036	0.525806899186504	0.286405608568822
"11"	0.654372886365687	0.459711836195564	0.201346816564207	0.497720777518956	0.428124861496972
"12"	0.244395275812756	0.654372886365687	0.604040449692622	0.440341352367804	0.595896877036062
"13"	0.654372886365687	0.459711836195564	0.28474739872575	0.522449808413499	0.300500804454818
"14"	0.833382196587473	0.654372886365687	0.259937622455018	0.411514771614049	0.428124861496972
"15"	0.459711836195564	0.654372886365687	0.762286744657862	0.545127827821078	0.361403640071621
"16"	0.654372886365687	0.833382196587473	0.419136822142455	0.373529194529822	0.271504546138048
"17"	0.459711836195564	0.459711836195564	0.348742916231458	0.474585921362464	0.326592323866489
"18"	0.459711836195564	0.459711836195564	0.77109960095606	0.529123296947558	0.694130308602017
"19"	0.654372886365687	0.459711836195564	0.116247638743819	0.571769347037984	0.338719981208367
"20"	0.654372886365687	0.459711836195564	0.657595949221429	0.508593710190588	0.52528042127144
"21"	0.459711836195564	0.654372886365687	0.569494797451499	0.625387631797393	0.547480859199967
"22"	0.459711836195564	0.459711836195564	0.944400281603035	0.59083373607068	0.410738578914297
"23"	0.459711836195564	0.459711836195564	0.581238193719096	0.522449808413499	0.582292175405098
"24"	0.459711836195564	0.833382196587473	0.716598572084479	0.566069152000158	0.600278452774239
"25"	0.459711836195564	0.654372886365687	0.545249756806271	0.59083373607068	0.61710349161023
"26"	0.459711836195564	0.459711836195564	0.813733471206735	0.486397804503101	0.487974371965086
"27"	0.833382196587473	0.459711836195564	0.615124685229246	0.519051013583503	0.5072941439023
"28"	0.244395275812756	0.459711836195564	0.907923082823828	0.522449808413499	0.286405608568822
"29"	0.459711836195564	0.654372886365687	0.821994936526787	0.515609465496859	0.748640042591094
"30"	0.833382196587473	0.654372886365687	0.854242196177249	0.519051013583503	0.410738578914297
"31"	0.654372886365687	0.833382196587473	0.667791843275991	0.706980348830135	0.444423769741379
"32"	0.654372886365687	0.459711836195564	0.328797974610715	0.486397804503101	0.326592323866489
"33"	0.833382196587473	0.654372886365687	0.744348073184887	0.512124074854981	0.694130308602017
"34"	0.833382196587473	0.833382196587473	0.328797974610715	0.449312630361336	0.392109397101834
"35"	0.654372886365687	0.654372886365687	0.657595949221429	0.355483129805929	0.700123621279988
"36"	0.459711836195564	0.459711836195564	0.838273644284909	0.53563787769997	0.567938222555284
"37"	0.833382196587473	0.459711836195564	0.532713603903433	0.470532521812427	0.567938222555284
"38"	0.833382196587473	0.654372886365687	0.569494797451499	0.497720777518956	0.572811217137645
"39"	0.459711836195564	0.654372886365687	0.735214622093808	0.401189038055531	0.401590355369288
"40"	0.654372886365687	0.833382196587473	0	0.55429961844019	0.392109397101834
"41"	0.459711836195564	0.459711836195564	0.877650426007001	0.525806899186504	0.459763348036095
"42"	0.459711836195564	0.459711836195564	0.707106781186547	0.478580145078951	0.286405608568822
"43"	0.459711836195564	0.459711836195564	0.885315640765362	0.59083373607068	0.557910154706871
"44"	0.244395275812756	0.654372886365687	0.636714539967013	0.493998278390656	0.105703788533012
"45"	0.459711836195564	0.459711836195564	0.479301293269411	0.519051013583503	0.18070182003581
"46"	0.459711836195564	0.654372886365687	0.716598572084479	0.618341762632156	0.474250275956197
"47"	0.833382196587473	0.459711836195564	0.725966271273692	0.59083373607068	0.201568763396264
"48"	0.654372886365687	0.459711836195564	0.116247638743819	0.493998278390656	0.629045928610642
"49"	0.459711836195564	0.833382196587473	0.813733471206735	0.611109637630655	0.519421801244177
"50"	0.459711836195564	0.459711836195564	0.78842984571972	0.529123296947558	0.35030844989962
"51"	0.459711836195564	0.654372886365687	0.259937622455018	0.482516895953012	0.300500804454818
"52"	0.654372886365687	0.654372886365687	0.569494797451499	0.466418166605379	0.519421801244177
"53"	0.654372886365687	0.459711836195564	0.569494797451499	0.482516895953012	0.547480859199967
"54"	0.654372886365687	0.459711836195564	0.647239460260976	0.522449808413499	0.481202624490628
"55"	0.459711836195564	0.459711836195564	0.545249756806271	0.512124074854981	0.717318706479949
"56"	0.459711836195564	0.459711836195564	0.532713603903433	0.529123296947558	0.459763348036095
"57"	0.459711836195564	0.459711836195564	0.813733471206735	0.421464939615506	0.621145396134692
"58"	0.459711836195564	0.654372886365687	0.328797974610715	0.462240994393037	0.410738578914297
"59"	0.654372886365687	0.459711836195564	0.532713603903433	0.482516895953012	0.0401867152976669
"60"	0.244395275812756	0.459711836195564	0.716598572084479	0.790804167644347	0.201568763396264
"61"	0.654372886365687	0.654372886365687	0.805387266256829	0.59083373607068	0.557910154706871
"62"	0.654372886365687	0.459711836195564	0.83017419207609	0.486397804503101	0.68171378960217
"63"	0.654372886365687	0.833382196587473	0.232495277487639	0.512124074854981	0.577594793910985
"64"	0.244395275812756	0.459711836195564	0.532713603903433	0.608655814318406	0.313872844205416
"65"	0.833382196587473	0.459711836195564	0.164398987305357	0.435742933782244	0.361403640071621
"66"	0.459711836195564	0.833382196587473	0	0.560247667160786	0.519421801244177
"67"	0.459711836195564	0.654372886365687	0.328797974610715	0.466418166605379	0.654952095992007
"68"	0.654372886365687	0.654372886365687	0.862115562580356	0.482516895953012	0.133171024169606
"69"	1	0.654372886365687	0.28474739872575	0.519051013583503	0.536616886444139
"70"	0.654372886365687	0.654372886365687	0.581238193719096	0.453690315199257	0.542105460107431
"71"	0.654372886365687	0.654372886365687	0.762286744657862	0.519051013583503	0.61710349161023
"72"	0.459711836195564	0.654372886365687	0.707106781186547	0.656062864620528	0.791622469610652
"73"	0.459711836195564	0.654372886365687	0.707106781186547	0.515609465496859	0.0749980315027984
"74"	0.459711836195564	0.654372886365687	0.232495277487639	0.560247667160786	0.338719981208367
"75"	0.459711836195564	0.833382196587473	0.77109960095606	0.522449808413499	0.536616886444139
"76"	0.654372886365687	0.833382196587473	0.78842984571972	0.384930821985016	0.562972403467885
"77"	0.654372886365687	0.654372886365687	0.877650426007001	0.508593710190588	0.604587602447317
"78"	0.654372886365687	0.459711836195564	0.307562342614623	0.493998278390656	0.392109397101834
"79"	0.459711836195564	0.833382196587473	0.506711709709532	0.435742933782244	0.621145396134692
"80"	0.459711836195564	0.654372886365687	0.753370803500884	0.636741935985954	0.547480859199967
"81"	0.459711836195564	0.459711836195564	0.697485832462916	0.505017195662652	0.18070182003581
"82"	0.654372886365687	0.654372886365687	0.615124685229246	0.512124074854981	0.238874812702618
"83"	0.459711836195564	0.459711836195564	0.201346816564207	0.416535086143435	0.35030844989962
"84"	0.459711836195564	0.654372886365687	0.885315640765362	0.538837907925978	0.382270583432074
"85"	0.459711836195564	0.833382196587473	0.877650426007001	0.522449808413499	0.18070182003581
"86"	0.833382196587473	0.654372886365687	0.464990554975277	0.444863760544385	0.708862907298564
"87"	0.459711836195564	0.654372886365687	0.779812867365055	0.53563787769997	0.382270583432074
"88"	0.459711836195564	0.654372886365687	0	0.545127827821078	0.361403640071621
"89"	0.654372886365687	0.833382196587473	0.479301293269411	0.532399976414956	0.678515005670657
"90"	0.459711836195564	0.459711836195564	0.545249756806271	0.574575520000165	0.201568763396264
"91"	0.459711836195564	0.654372886365687	0.647239460260976	0.457999057245997	0.133171024169606
"92"	0.459711836195564	0.459711836195564	0.707106781186547	0.440341352367804	0.452206366173859
"93"	0.459711836195564	0	0.83017419207609	0.54821938009733	0.5072941439023
"94"	0.654372886365687	0.833382196587473	0.116247638743819	0.508593710190588	0.361403640071621
"95"	0.459711836195564	0.654372886365687	0.877650426007001	0.515609465496859	0.600278452774239
"96"	0.654372886365687	0.459711836195564	0.744348073184887	0.56317389254497	0.271504546138048
"97"	0.833382196587473	0.459711836195564	0.626012693075701	0.440341352367804	0.644163068649846
"98"	0.459711836195564	0.654372886365687	0.328797974610715	0.497720777518956	0.700123621279988
"99"	0.654372886365687	0.654372886365687	0.77109960095606	0.395876260146765	0.238874812702618
"100"	0.459711836195564	0.244395275812756	0.753370803500884	0.568934094045447	0.513428488566207
"101"	0.459711836195564	0.450225168890748	0.402693633128415	0.56317389254497	0.552747656908034
"102"	0.459711836195564	0.201346816564207	0.592748978363819	0.486397804503101	0.728182679235777
"103"	0.833382196587473	0.813733471206735	0.753370803500884	0.505017195662652	0.621145396134692
"104"	0.654372886365687	0.402693633128415	0.201346816564207	0.788259037985394	0.238874812702618
"105"	0.654372886365687	0.493196961916072	0.725966271273692	0.453690315199257	0.326592323866489
"106"	0.654372886365687	0.677834389404565	0.805387266256829	0.55728980629465	0.703069388437738
"107"	0.654372886365687	0.958602586538822	0.43495883620084	0.453690315199257	0.762993995440909
"108"	0.459711836195564	0.707106781186547	0.846295584424388	0.482516895953012	0.694130308602017
"109"	0.654372886365687	0	0.937218426183768	0.493998278390656	0.531010269935431
"110"	0.654372886365687	0.707106781186547	0.86991767240168	0.493998278390656	0.826694353173453
"111"	0.654372886365687	0.667791843275991	0.581238193719096	0.538837907925978	0.313872844205416
"112"	0.459711836195564	0.232495277487639	0.232495277487639	0.416535086143435	0.621145396134692
"113"	0.459711836195564	0.164398987305357	0	0.444863760544385	0.474250275956197
"114"	0.459711836195564	0.958602586538822	0.753370803500884	0.538837907925978	0.271504546138048
"115"	0.654372886365687	0.519875244910036	0.367607311046904	0.486397804503101	0.531010269935431
"116"	0.833382196587473	0.201346816564207	0.922687027843868	0.512124074854981	0.0749980315027984
"117"	0.654372886365687	0.667791843275991	0.402693633128415	0.497720777518956	0.401590355369288
"118"	0.654372886365687	0.307562342614623	0	0.486397804503101	0.765311322873737
"119"	0.459711836195564	0.647239460260976	0.813733471206735	0.421464939615506	0.595896877036062
"120"	0.833382196587473	0.557504090398278	0.626012693075701	0.411514771614049	0.542105460107431
"121"	0.459711836195564	0.43495883620084	0.615124685229246	0.508593710190588	0.481202624490628
"122"	0.833382196587473	0.307562342614623	0.479301293269411	0.636741935985954	0.536616886444139
"123"	0.459711836195564	0.557504090398278	0.116247638743819	0.625387631797393	0.481202624490628
"124"	0.459711836195564	0.877650426007001	0.846295584424388	0.568934094045447	0.401590355369288
"125"	0.654372886365687	0.557504090398278	0.348742916231458	0.493998278390656	0.536616886444139
"126"	0.654372886365687	0.615124685229246	0.687730305405377	0.532399976414956	0.372045836872224
"127"	0.833382196587473	0.78842984571972	0.557504090398278	0.606179784158584	0.577594793910985
"128"	0.459711836195564	0.604040449692622	0.83017419207609	0.505017195662652	0.572811217137645
"129"	0.459711836195564	0.862115562580356	0.604040449692622	0.466418166605379	0.644163068649846
"130"	0	0.677834389404565	0.892915056036854	0.593451932752462	0.436401671574419
"131"	0.654372886365687	0.677834389404565	0.367607311046904	0.532399976414956	0.658451445441046
"132"	0.833382196587473	0.805387266256829	0.892915056036854	0.532399976414956	0.286405608568822
"133"	0.833382196587473	0.78842984571972	0.707106781186547	0.55429961844019	0.81929817996419
"134"	0.459711836195564	0.846295584424388	0.348742916231458	0.551276389167254	0.18070182003581
"135"	0.654372886365687	0.86991767240168	0.821994936526787	0.470532521812427	0.700123621279988
"136"	0.459711836195564	0.348742916231458	0.402693633128415	0.634508458559534	0.361403640071621
"137"	0.654372886365687	0.78842984571972	0.735214622093808	0.545127827821078	0.542105460107431
"138"	0.459711836195564	0.779812867365055	0	0.582825375122564	0.452206366173859
"139"	0.833382196587473	0.201346816564207	0.735214622093808	0.529123296947558	0.133171024169606
"140"	0.459711836195564	0.367607311046904	0.615124685229246	0.542000942754003	0.481202624490628
"141"	0.654372886365687	0.667791843275991	0.532713603903433	0.497720777518956	0.644163068649846
"142"	0.654372886365687	0.328797974610715	0.779812867365055	0.426307534446953	0.271504546138048
"143"	0.654372886365687	0.735214622093808	0	0.568934094045447	0.271504546138048
"144"	0.654372886365687	0.697485832462916	0.636714539967013	0.532399976414956	0.700123621279988
"145"	0.459711836195564	0.201346816564207	0.450225168890748	0.568934094045447	0.313872844205416
"146"	0.459711836195564	0.862115562580356	0.83017419207609	0.568934094045447	0.428124861496972
"147"	0.244395275812756	0	0.581238193719096	0.474585921362464	0.703069388437738
"148"	0.459711836195564	0.116247638743819	0.716598572084479	0.508593710190588	0.372045836872224
"149"	0.833382196587473	0.493196961916072	0.892915056036854	0.53563787769997	0.730829378310201
"150"	0.654372886365687	0.592748978363819	0.813733471206735	0.512124074854981	0.604587602447317
"151"	0.244395275812756	0.493196961916072	0.744348073184887	0.532399976414956	0.547480859199967
"152"	0.654372886365687	0.116247638743819	0.958602586538822	0.601159469629198	0.313872844205416
"153"	0.833382196587473	0.116247638743819	1	0.508593710190588	0.220888535333477
"154"	0.459711836195564	0.796953659339823	0.419136822142455	0.551276389167254	0.18070182003581
"155"	0.654372886365687	0	0.972597525159275	0.512124074854981	0.547480859199967
"156"	0.654372886365687	0.557504090398278	0.569494797451499	0.519051013583503	0.647809248640443
"157"	0.459711836195564	0.532713603903433	0	0.851856123981853	0.487974371965086
"158"	0.654372886365687	0.493196961916072	0.716598572084479	0.361631691152105	0.52528042127144
"159"	0.244395275812756	0.813733471206735	0.813733471206735	0.478580145078951	0.271504546138048
"160"	0.459711836195564	0.519875244910036	0.479301293269411	0.449312630361336	0.255699851538609
"161"	0.654372886365687	0.592748978363819	0.762286744657862	0.551276389167254	0.338719981208367
"162"	0.459711836195564	0.506711709709532	0.838273644284909	0.519051013583503	0.133171024169606
"163"	0.459711836195564	0.813733471206735	0.615124685229246	0.478580145078951	0.694130308602017
"164"	0.459711836195564	0.604040449692622	0.813733471206735	0.361631691152105	0.758296613946795
"165"	0.654372886365687	0.796953659339823	0.604040449692622	0.512124074854981	0.201568763396264
"166"	0.459711836195564	0	0.604040449692622	0.474585921362464	0.675276484277037
"167"	0.654372886365687	0	0.813733471206735	0.466418166605379	0.0401867152976669
"168"	0.654372886365687	0.958602586538822	0.419136822142455	0.664230619377613	0.255699851538609
"169"	0.833382196587473	0.569494797451499	0.877650426007001	0.497720777518956	0.392109397101834
"170"	0.459711836195564	0.862115562580356	0.813733471206735	0.470532521812427	0.401590355369288
"171"	0.654372886365687	0.367607311046904	0.604040449692622	0.505017195662652	0.778798690040348
"172"	0.459711836195564	0.479301293269411	0.725966271273692	0.844669233247688	0.519421801244177
"173"	0.244395275812756	0	0	0.788259037985394	0.18070182003581
"174"	0.459711836195564	0.907923082823828	0.900450337781496	0.384930821985016	0.419576632738428
"175"	0.654372886365687	0.307562342614623	0.402693633128415	0.453690315199257	0.647809248640443
"176"	0.459711836195564	0.615124685229246	0.725966271273692	0.50139330870531	0.730829378310201
"177"	0.654372886365687	0.77109960095606	0.581238193719096	0.497720777518956	0.436401671574419
"178"	0.654372886365687	0.419136822142455	0.307562342614623	0.580102969921009	0.372045836872224
"179"	0.654372886365687	0.78842984571972	0.753370803500884	0.710400386679308	0.361403640071621
"180"	0	0	0.328797974610715	0.681762560307208	0.444423769741379
"181"	0.833382196587473	0.464990554975277	0.83017419207609	0.515609465496859	0.691081178876477
"182"	0.459711836195564	0.944400281603035	0.697485832462916	0.53563787769997	0.419576632738428
"183"	0.833382196587473	0.677834389404565	0.667791843275991	0.435742933782244	0.201568763396264
"184"	0.459711836195564	0.813733471206735	0.164398987305357	0.411514771614049	0.158018161172556
"185"	0.654372886365687	0.83017419207609	0.86991767240168	0.542000942754003	0.220888535333477
"186"	0.654372886365687	0.716598572084479	0.307562342614623	0.478580145078951	0.238874812702618
"187"	0.654372886365687	0.164398987305357	0.900450337781496	0.50139330870531	0.760655884525019
"188"	0.833382196587473	0.201346816564207	0.164398987305357	0.462240994393037	0.436401671574419
"189"	0.459711836195564	0	0.97952001483352	0.493998278390656	0.459763348036095
"190"	0.459711836195564	0.519875244910036	0.813733471206735	0.486397804503101	0.5072941439023
"191"	0.459711836195564	0.805387266256829	0.667791843275991	0.529123296947558	0.513428488566207
"192"	0.654372886365687	0.937218426183768	0.532713603903433	0.50139330870531	0.313872844205416
"193"	0.459711836195564	0.813733471206735	0	0.632256598396159	0.494574664241227
"194"	0.244395275812756	0.164398987305357	0.38554980047803	0.508593710190588	0.621145396134692
"195"	0.459711836195564	0.532713603903433	0.232495277487639	0.519051013583503	0.536616886444139
"196"	0.654372886365687	0.626012693075701	0.38554980047803	0.478580145078951	0.748640042591094
"197"	0.459711836195564	0.846295584424388	0.328797974610715	0.542000942754003	0.608826681532783
"198"	0.459711836195564	0.592748978363819	0.892915056036854	0.435742933782244	0.35030844989962
"199"	0.833382196587473	0.164398987305357	0.735214622093808	0.598614339970245	0.708862907298564
"200"	0.654372886365687	0	0.116247638743819	0.519051013583503	0.604587602447317
"201"	0.459711836195564	0.657595949221429	0.585520958161914	0.55728980629465	0.748640042591094
"202"	0.654372886365687	0.592748978363819	0.519051013583503	0.551276389167254	0.238874812702618
"203"	0.654372886365687	0.77109960095606	0.566069152000158	0.486397804503101	0.313872844205416
"204"	0.459711836195564	0.626012693075701	0.474585921362464	0.50139330870531	0.720077437193246
"205"	0.459711836195564	0.164398987305357	0.529123296947558	0.478580145078951	0.50101196956636
"206"	0.833382196587473	0.753370803500884	0.449312630361336	0.580102969921009	0.694130308602017
"207"	0.459711836195564	0.753370803500884	0.615952232462102	0.53563787769997	0.300500804454818
"208"	0.459711836195564	0.43495883620084	0.367645108279501	0.807986460647305	0.459763348036095
"209"	0.654372886365687	0.164398987305357	0.538837907925978	0.474585921362464	0.612997932435312
"210"	0.459711836195564	0.545249756806271	0.426307534446953	0.625387631797393	0.519421801244177
"211"	0.654372886365687	0.367607311046904	0.545127827821078	0.538837907925978	0.58690641302364
"212"	0.459711836195564	0.581238193719096	0.361631691152105	0.627696501747123	0.401590355369288
"213"	0.459711836195564	0.545249756806271	0.532399976414956	0.532399976414956	0.428124861496972
"214"	0.459711836195564	0	0.39045827190586	0.574575520000165	0.158018161172556
"215"	0.244395275812756	0.328797974610715	0.373529194529822	0.493998278390656	0.361403640071621
"216"	0.654372886365687	0.813733471206735	0.411514771614049	0.532399976414956	0.604587602447317
"217"	0.833382196587473	0.735214622093808	0.497720777518956	0.55728980629465	0.372045836872224
"218"	0.459711836195564	0.493196961916072	0.482516895953012	0.718767994962706	0.300500804454818
"219"	0.459711836195564	0.77109960095606	0.532399976414956	0.634508458559534	0.201568763396264
"220"	0.654372886365687	0.677834389404565	0.505017195662652	0.603681141538288	0.765311322873737
"221"	0.459711836195564	0.615124685229246	0.470532521812427	0.466418166605379	0.452206366173859
"222"	0.459711836195564	0.944400281603035	0.580102969921009	0.525806899186504	0.0749980315027984
"223"	0.654372886365687	0.615124685229246	0.508593710190588	0.519051013583503	0.481202624490628
"224"	0.833382196587473	0.519875244910036	0.608655814318406	0.440341352367804	0.286405608568822
"225"	0.459711836195564	0.958602586538822	0.608655814318406	0.470532521812427	0.671997225697672
"226"	0.654372886365687	0.636714539967013	0.580102969921009	0.508593710190588	0.658451445441046
"227"	0.654372886365687	0.744348073184887	0.56317389254497	0.435742933782244	0.81361000624548
"228"	0.459711836195564	0.892915056036854	0.545127827821078	0.974041091157638	0.361403640071621
"229"	0.459711836195564	0.813733471206735	0.522449808413499	0.431065905954553	0.326592323866489
"230"	0.459711836195564	0	0.486397804503101	0.542000942754003	0.300500804454818
"231"	0.459711836195564	0.813733471206735	0.466418166605379	0.618341762632156	0.826694353173453
"232"	0.654372886365687	0.779812867365055	0.466418166605379	0.968804577908699	0.542105460107431
"233"	0.459711836195564	0	0.497720777518956	0.525806899186504	0.255699851538609
"234"	0.654372886365687	0.232495277487639	0.571769347037984	0.466418166605379	0.519421801244177
"235"	0.833382196587473	0.201346816564207	0.560247667160786	0.912502447234892	0.18070182003581
"236"	0.654372886365687	0.367607311046904	0.384930821985016	0.577353203404829	0.844315763275693
"237"	0.244395275812756	0.569494797451499	0.497720777518956	0.449312630361336	0.487974371965086
"238"	0.654372886365687	0.657595949221429	0.486397804503101	0.457999057245997	0.536616886444139
"239"	0.833382196587473	0.636714539967013	0.508593710190588	0.462240994393037	0.632908186209669
"240"	0.654372886365687	0.402693633128415	0.585520958161914	0	0.158018161172556
"241"	0.459711836195564	0.164398987305357	0.519051013583503	0.519051013583503	0.0749980315027984
"242"	0.654372886365687	0.779812867365055	0.497720777518956	0.440341352367804	0.467107428604633
"243"	0.833382196587473	0.647239460260976	0.470532521812427	0.580102969921009	0.736043504511948
"244"	0.459711836195564	0.532713603903433	0.54821938009733	0.462240994393037	0.552747656908034
"245"	0.654372886365687	0.402693633128415	0.505017195662652	0.59083373607068	0.481202624490628
"246"	0.459711836195564	0.762286744657862	0.449312630361336	0.515609465496859	0.286405608568822
"247"	0.459711836195564	0	0.379289396030298	0.588190242410899	0.18070182003581
"248"	0.654372886365687	0.972597525159275	0.519051013583503	0.723668414895364	0.300500804454818
"249"	0.459711836195564	0.78842984571972	0.512124074854981	0.493998278390656	0.50101196956636
"250"	0.459711836195564	0.83017419207609	0.519051013583503	0.529123296947558	0.474250275956197
"251"	0.244395275812756	0.348742916231458	0.515609465496859	0.421464939615506	0.410738578914297
"252"	0.459711836195564	0	0.440341352367804	0.53563787769997	0.738611974742681
"253"	0.654372886365687	0.626012693075701	0.497720777518956	0.580102969921009	0.444423769741379
"254"	0.459711836195564	0.116247638743819	0.444863760544385	0.505017195662652	0.608826681532783
"255"	0.654372886365687	0.557504090398278	0.568934094045447	0.574575520000165	0.703069388437738
"256"	0.459711836195564	0.965625409997289	0.493998278390656	0.930565785197552	0.823022495012961
"257"	0.459711836195564	0.519875244910036	0.508593710190588	0.532399976414956	0.758296613946795
"258"	1	0.922687027843868	0.482516895953012	0.440341352367804	0.542105460107431
"259"	0.654372886365687	0.569494797451499	0.482516895953012	0.53563787769997	0.105703788533012
"260"	0.833382196587473	0.479301293269411	0.525806899186504	0.532399976414956	0.419576632738428
"261"	0.459711836195564	0.762286744657862	0.529123296947558	0.470532521812427	0.326592323866489
"262"	0.833382196587473	0.821994936526787	0.56317389254497	0.55728980629465	0.361403640071621
"263"	0.459711836195564	0.838273644284909	0.55728980629465	0.466418166605379	0.238874812702618
"264"	0.459711836195564	0.796953659339823	0.519051013583503	0.50139330870531	0.811686029840263
"265"	0.833382196587473	0.545249756806271	0.411514771614049	0.532399976414956	0.419576632738428
"266"	0.833382196587473	0	0.577353203404829	0.55728980629465	0.444423769741379
"267"	0.833382196587473	0.419136822142455	0.638957328376485	0.568934094045447	0.313872844205416
"268"	1	0.677834389404565	0.969464649315361	0.505017195662652	0.562972403467885
"269"	0.654372886365687	0.657595949221429	0.440341352367804	0.596045312030685	0.487974371965086
"270"	0.654372886365687	0.545249756806271	0.493998278390656	0.470532521812427	0.855978304312847
"271"	0.244395275812756	0.348742916231458	0.497720777518956	0.566069152000158	0.572811217137645
"272"	0.654372886365687	0.647239460260976	0.722044674430105	0.435742933782244	0.608826681532783
"273"	0.459711836195564	0	0.54821938009733	0.336162201171355	0.720077437193246
"274"	0.833382196587473	0.232495277487639	0.611109637630655	0.497720777518956	0.201568763396264
"275"	0.459711836195564	0.922687027843868	0.508593710190588	0.629986050382953	0.474250275956197
"276"	0.459711836195564	0.687730305405377	0.508593710190588	0.449312630361336	0.392109397101834
"277"	0.654372886365687	0.28474739872575	0.788259037985394	0.493998278390656	0.621145396134692
"278"	0.459711836195564	0.232495277487639	0.568934094045447	0.54821938009733	0.58690641302364
"279"	0.654372886365687	0.647239460260976	0.615952232462102	0.482516895953012	0.608826681532783
"280"	0.654372886365687	0.259937622455018	0.542000942754003	0.508593710190588	0.542105460107431
"281"	0.459711836195564	0.805387266256829	0.580102969921009	0.776503553539159	0.428124861496972
"282"	0.459711836195564	0.626012693075701	0.545127827821078	0.522449808413499	0.636714058468442
"283"	0.459711836195564	0.944400281603035	0.56317389254497	0.813870546897626	0.542105460107431
"284"	0.459711836195564	0	0.538837907925978	0.532399976414956	0.300500804454818
"285"	0.459711836195564	0	0.969464649315361	0.55728980629465	0.313872844205416
"286"	0.459711836195564	0.592748978363819	0.474585921362464	0.55429961844019	0.372045836872224
"287"	0.459711836195564	0.735214622093808	0.519051013583503	0.493998278390656	0.326592323866489
"288"	0.654372886365687	0.796953659339823	0.512124074854981	0.522449808413499	0.444423769741379
"289"	0.654372886365687	0.557504090398278	0.453690315199257	0.638957328376485	0.286405608568822
"290"	0.459711836195564	0.532713603903433	0.571769347037984	0.493998278390656	0.361403640071621
"291"	0.654372886365687	0.232495277487639	0.508593710190588	0.474585921362464	0.547480859199967
"292"	0.654372886365687	0	0.453690315199257	0.596045312030685	0.201568763396264
"293"	0.459711836195564	0.164398987305357	0.50139330870531	0.571769347037984	0.313872844205416
"294"	0.459711836195564	0	0.490224432829748	0.379289396030298	0.691081178876477
"295"	0.244395275812756	0.43495883620084	0.486397804503101	0.474585921362464	0.313872844205416
"296"	0.459711836195564	0.813733471206735	0.761414045053133	0.515609465496859	0.487974371965086
"297"	0.654372886365687	0.307562342614623	0.582825375122564	0.505017195662652	0.647809248640443
"298"	0.654372886365687	0.779812867365055	0.960075511038702	0.542000942754003	0.428124861496972
"299"	0.654372886365687	0.116247638743819	0.449312630361336	0.55429961844019	0.791622469610652
"300"	0.244395275812756	0.43495883620084	0.519051013583503	0.482516895953012	0.392109397101834
"301"	0.459711836195564	0.821994936526787	0.545127827821078	0.436401671574419	0.567938222555284
"302"	0.459711836195564	0.647239460260976	0.449312630361336	0.531010269935431	0.697144187483119
"303"	0.459711836195564	0.450225168890748	0.444863760544385	0.35030844989962	0.79780531164604
"304"	0.654372886365687	0	0.703517018213695	0.459763348036095	0.428124861496972
"305"	0.833382196587473	0.402693633128415	0.532399976414956	0.313872844205416	0.35030844989962
"306"	0.459711836195564	0.38554980047803	0.519051013583503	0.338719981208367	0.722807280143242
"307"	0.833382196587473	0.677834389404565	0.522449808413499	0.361403640071621	0.494574664241227
"308"	0.459711836195564	0.201346816564207	0.470532521812427	0.600278452774239	0.459763348036095
"309"	0.654372886365687	0	0.470532521812427	0.286405608568822	0.392109397101834
"310"	0.459711836195564	0.592748978363819	0.532399976414956	0.654952095992007	0.809747748646453
"311"	0.459711836195564	0.307562342614623	0.515609465496859	0.474250275956197	0.436401671574419
"312"	0.459711836195564	0.592748978363819	0.512124074854981	0.691081178876477	0.582292175405098
"313"	0.244395275812756	0.581238193719096	0.542000942754003	0.428124861496972	0.428124861496972
"314"	0.459711836195564	0.725966271273692	0.532399976414956	1	0.105703788533012
"315"	0.833382196587473	0.636714539967013	0.486397804503101	0.600278452774239	0.600278452774239
"316"	0.654372886365687	0.86991767240168	0.525806899186504	0.255699851538609	0.338719981208367
"317"	0.459711836195564	0.735214622093808	0.493998278390656	0.780980272810049	0.401590355369288
"318"	0.654372886365687	0.402693633128415	0.515609465496859	0.604587602447317	0.18070182003581
"319"	0.459711836195564	0.450225168890748	0.53563787769997	0.52528042127144	0.840885481947245
"320"	0.244395275812756	0.493196961916072	0.56317389254497	0.717318706479949	0.778798690040348
"321"	0.654372886365687	0.581238193719096	0.379289396030298	0.5072941439023	0.76760823305945
"322"	0.654372886365687	0.506711709709532	0.620710603969702	0.35030844989962	0.557910154706871
"323"	0.459711836195564	0.581238193719096	0.936579202324948	0.547480859199967	0.372045836872224
"324"	0.459711836195564	1	0.505017195662652	0.691081178876477	0.133171024169606
"325"	0.459711836195564	0.506711709709532	0.968804577908699	0.68799596393811	0.133171024169606
"326"	0.459711836195564	0.604040449692622	0.53563787769997	0.720077437193246	0.795760613951495
"327"	0.654372886365687	0.725966271273692	0.512124074854981	0.133171024169606	0.238874812702618
"328"	0.459711836195564	0.259937622455018	0.694661893677801	0.35030844989962	0.608826681532783
"329"	0.654372886365687	0.821994936526787	0.545127827821078	0.255699851538609	0.481202624490628
"330"	0.459711836195564	0.545249756806271	0.848799114911929	0.629045928610642	0.547480859199967
"331"	0.459711836195564	0.838273644284909	0.545127827821078	0.591440398950107	0.158018161172556
"332"	0.459711836195564	0.885315640765362	0.50139330870531	0.133171024169606	0.52528042127144
"333"	0.459711836195564	0.569494797451499	0.355483129805929	0.519421801244177	0.591440398950107
"334"	0.459711836195564	0.677834389404565	0.474585921362464	0.300500804454818	0.401590355369288
"335"	0.833382196587473	0	0.519051013583503	0.361403640071621	0.678515005670657
"336"	0.459711836195564	0.419136822142455	0.453690315199257	0.730829378310201	0.793699752471122
"337"	0.654372886365687	0.569494797451499	0.53563787769997	0.519421801244177	0.313872844205416
"338"	0.459711836195564	0	0.525806899186504	0.220888535333477	0.572811217137645
"339"	0.459711836195564	0.735214622093808	0.466418166605379	0.401590355369288	0.542105460107431
"340"	0.833382196587473	0.569494797451499	0.571769347037984	0.7559157972204	0.733449476943845
"341"	0.654372886365687	0.647239460260976	0.508593710190588	0.828511068676254	0.436401671574419
"342"	0.244395275812756	0.753370803500884	0.462240994393037	0.61710349161023	0.547480859199967
"343"	0.459711836195564	0.77109960095606	0.515609465496859	0.313872844205416	0.18070182003581
"344"	0.654372886365687	0.592748978363819	0.478580145078951	0.577594793910985	0.271504546138048
"345"	0.459711836195564	0.813733471206735	0.717114820958034	0.711712089971241	0.717318706479949
"346"	0.459711836195564	0	0.606179784158584	0.220888535333477	0.401590355369288
"347"	1	0.581238193719096	0.440341352367804	0.5072941439023	0.552747656908034
"348"	0.459711836195564	0.677834389404565	1	0.513428488566207	0.705982241307251
"349"	0.654372886365687	0.677834389404565	0.497720777518956	0.326592323866489	0.5072941439023
"350"	1	0.744348073184887	0.59083373607068	0.803844908854917	0.238874812702618
"351"	0.654372886365687	0.813733471206735	0.728482605941127	0.591440398950107	0.459763348036095
"352"	0.459711836195564	0.232495277487639	0.512124074854981	0.382270583432074	0.513428488566207
"353"	0.459711836195564	0	0.411514771614049	0.372045836872224	0.271504546138048
"354"	0.654372886365687	0	0.497720777518956	0.158018161172556	0.467107428604633
"355"	0.654372886365687	0.28474739872575	0.505017195662652	0.201568763396264	0.799834097135029
"356"	0.459711836195564	0.636714539967013	0.566069152000158	0.778798690040348	0.612997932435312
"357"	0.459711836195564	0.697485832462916	0.508593710190588	0.807794948357117	0.444423769741379
"358"	0.654372886365687	0.348742916231458	0.522449808413499	0.494574664241227	0.647809248640443
"359"	0.654372886365687	0	0.585520958161914	0.474250275956197	0.758296613946795
"360"	0.654372886365687	0.779812867365055	0.508593710190588	0.35030844989962	0.801847216170503
"361"	0.459711836195564	0.900450337781496	0.505017195662652	0.658451445441046	0.552747656908034
"362"	0.654372886365687	0.838273644284909	0.776503553539159	0.636714058468442	0.572811217137645
"363"	0.654372886365687	0.201346816564207	0.519051013583503	0.600278452774239	0.419576632738428
"364"	0.459711836195564	0.402693633128415	0.542000942754003	0.612997932435312	0.401590355369288
"365"	0.459711836195564	0.813733471206735	0.497720777518956	0.436401671574419	0.668676192000897
"366"	0.654372886365687	0.813733471206735	0.508593710190588	0.338719981208367	0.577594793910985
"367"	0.459711836195564	0.725966271273692	0.525806899186504	0.591440398950107	0.595896877036062
"368"	0.459711836195564	0.846295584424388	0.39045827190586	0.436401671574419	0.494574664241227
"369"	0.654372886365687	0.753370803500884	0.542000942754003	0.552747656908034	0.18070182003581
"370"	0.654372886365687	0.569494797451499	0.515609465496859	0.547480859199967	0.326592323866489
"371"	0.654372886365687	0.519875244910036	0.411514771614049	0.419576632738428	0.665312305074856
"372"	0.459711836195564	0.838273644284909	0.532399976414956	0.728182679235777	0.158018161172556
"373"	0.654372886365687	0.77109960095606	0.478580145078951	0.595896877036062	0.531010269935431
"374"	0.459711836195564	0.944400281603035	0.525806899186504	0.720077437193246	0.372045836872224
"375"	0.654372886365687	0.900450337781496	0.54821938009733	0.694130308602017	0.467107428604633
"376"	0.654372886365687	0.348742916231458	0.538837907925978	0.494574664241227	0.105703788533012
"377"	0.459711836195564	0.545249756806271	0.542000942754003	0.18070182003581	0.612997932435312
"378"	0.654372886365687	0.259937622455018	0.508593710190588	0.612997932435312	0.68171378960217
"379"	0.459711836195564	0.83017419207609	0.515609465496859	0.313872844205416	0.313872844205416
"380"	0	0	0.444863760544385	0.382270583432074	0.52528042127144
"381"	0.833382196587473	0.581238193719096	0.560247667160786	0.665312305074856	0.68171378960217
"382"	0.654372886365687	0.164398987305357	0.574575520000165	0.50101196956636	0.220888535333477
"383"	0.833382196587473	0	0.603681141538288	0.700123621279988	0.769885082638048
"384"	0.833382196587473	0.259937622455018	0.426307534446953	0.772142218985918	0.428124861496972
"385"	0.833382196587473	0	0.416535086143435	0.625125589777189	0.741155386327781
"386"	0.833382196587473	0.725966271273692	0.529123296947558	0.5072941439023	0.326592323866489
"387"	0.833382196587473	0.367607311046904	0.493998278390656	0.760655884525019	0.519421801244177
"388"	0.459711836195564	0.813733471206735	0.421464939615506	0.18070182003581	0.697144187483119
"389"	0.654372886365687	0.201346816564207	0.577353203404829	0.286405608568822	0.238874812702618
"390"	0.654372886365687	0.813733471206735	0.497720777518956	0.765311322873737	0.513428488566207
"391"	0.459711836195564	0.116247638743819	0.426307534446953	0.313872844205416	0.382270583432074
"392"	0.459711836195564	0.735214622093808	0.497720777518956	0.372045836872224	0.474250275956197
"393"	0.654372886365687	0.367607311046904	0.505017195662652	0	0.220888535333477
"394"	0.459711836195564	0.545249756806271	0.529123296947558	0.711712089971241	0.703069388437738
"395"	0.654372886365687	0.201346816564207	0.508593710190588	0.401590355369288	0.201568763396264
"396"	0.833382196587473	0.569494797451499	0.625387631797393	0.382270583432074	0.487974371965086
"397"	0.459711836195564	0.636714539967013	0.585520958161914	0.133171024169606	0.361403640071621
"398"	0.654372886365687	0.796953659339823	0.55728980629465	0.557910154706871	0.547480859199967
"399"	0.459711836195564	0.557504090398278	0.560247667160786	0.35030844989962	0.401590355369288
"400"	0.654372886365687	0	0.542000942754003	0.487974371965086	0.220888535333477
